228080
228237
228273
144200
212963
69767
97703
191249
34352
58456
211761
26051
117376
11297
197450
143065
25202
9976
211114
27624
123413
28491
40896
122297
39728
199588
194449
23611
51796
66855
84857
29691
100154
192072
65309
117243
148360
223144
101
222432
222209
7671
195847
93416
61128
68183
126044
225808
19022
195240
225062
47718
227253
225791
101881
10854
227446
18048
227790
223962
227838
227871
40188
228015
228049
9616
178619
227136
132757
82527
228077
60189
228231
228236
228239
173708
228272
228301
228307
228373
228277
227886
227452
228376
123800
228414
228419
228449
228583
228585
228616
13130
222837
228654
228684
228686
228691
228747
228796
228672
227473
228897
215308
20974
181026
229178
229169
229274
229342
229383
229479
229476
195348
193034
98856
20070
229713
229666
144283
53030
229861
230095
230116
228501
230564
223386
230589
230621
87571
230757
230762
229631
230788
230733
137745
231191
110958
217250
231541
226312
113216
231729
231529
231811
161021
231889
47990
230724
232075
232119
232192
65015
232468
231286
232492
232495
232505
232537
182666
135461
74622
40542
232907
232991
62559
233237
233262
206481
32537
185856
233285
233744
233776
233977
233931
156864
234112
226680
234208
234220
234241
222407
29111
234115
116999
234423
234426
234408
234477
217668
233508
234578
93551
234629
234603
233618
233948
234711
234760
33426
234792
234794
234795
234806
29573
234838
234844
234478
234865
234894
234775
100491
234997
235044
235090
235088
235178
197883
235215
235152
235313
95025
27251
235367
235363
235412
235414
54583
235480
60675
235492
148724
235560
235621
216072
235647
235673
156226
235721
235832
60848
71427
235966
235996
235963
155145
236307
228785
236322
23671
236506
236142
135801
236482
236583
236608
236338
203543
236820
26619
11525
237150
237153
237166
237212
237234
224862
237284
237437
237507
237543
237527
34935
31910
237752
237799
43360
237827
237837
237857
25239
221287
210901
114368
238387
238389
238386
192493
238331
238582
238590
81973
238699
238961
238989
238968
190134
232551
239418
115285
239484
109758
239591
197246
239632
239669
216992
239673
239649
239770
239782
239821
239856
225036
239940
235500
239956
240105
237604
239738
240236
234025
240285
240323
10147
240410
239741
240223
240448
240459
240449
52404
240635
195292
240685
240708
240767
240794
240864
240891
240512
240920
240949
240979
83303
241021
241064
241140
241141
241149
241163
241014
241232
240987
241326
240580
241352
241424
241501
241507
241509
241537
146964
65305
205063
229745
241582
241587
240436
241604
241647
241771
241832
211352
241881
241159
241885
241836
241971
153622
68659
242023
225888
242049
242062
222857
242000
33917
242249
242318
137370
230801
242379
242396
242431
242007
242447
242475
242469
242502
242515
241890
242609
241680
242620
221236
231461
242650
242130
242846
94578
243191
243201
243187
243278
243273
242420
243305
243341
243367
25082
242954
39799
243551
118877
243561
243562
243601
32454
239511
243710
243713
243707
243734
243737
243738
243753
242879
243786
243831
34745
243894
243907
231404
243910
36628
243773
40584
227684
243972
157484
244052
241558
240412
244252
244255
244257
34202
244278
244279
239922
244328
244353
244385
244394
188749
244309
244471
96819
244519
244520
244521
244516
166667
244529
244607
244608
244609
244610
216129
244445
165309
244549
148927
145991
244789
244942
244945
244947
245059
78194
245249
245041
174564
245337
245338
88144
210756
100317
68665
242439
245615
213077
105043
